39
R
[[    0.97114    -0.20118     0.12808]
 [    0.15088     0.93417     0.32337]
 [    -0.1847    -0.29471     0.93757]]
t
[     346.72       3.731      1127.5]
[     353.12      19.899      1174.4]
36
R
[[    0.59532     0.11352    -0.79543]
 [    0.11456     0.96786     0.22387]
 [    0.79528     -0.2244     0.56318]]
t
[    -137.13     -66.715      1013.6]
[     -176.9     -55.521      1041.7]
5
R
[[    0.84319    0.050447    -0.53525]
 [   0.018279     0.99232     0.12232]
 [    0.53731    -0.11292     0.83579]]
t
[    -4.5546     -143.42      1018.4]
[    -31.317     -137.31      1060.2]
7
R
[[    0.95065    -0.15815     0.26693]
 [    0.12095     0.98117     0.15057]
 [   -0.28571    -0.11085     0.95188]]
t
[     382.26     -95.861      1110.5]
[     395.61     -88.333      1158.1]
(True, 5.800962640413054)
(True, 6.528913450170195)
(True, 7.303782037324899)
(True, 8.489198286199835)
